01:51:47.926 [I]: Main: starting up SVP 4 Linux [4.3.0.183]... 
01:51:47.927 [I]: Main: args: /home/andrew/GD/Media/anime/[Anonymous] Non Non Biyori [BD 1080p 10bit H.264 FLAC]/Non Non Biyori 01 [BD 1080p 10bit H.264 FLAC].mkv
01:51:47.928 [I]: Main: working dir is /opt/svp/
01:51:47.929 [I]: Main: data dir set to /home/andrew/.local/share/SVP4/
01:51:47.931 [I]: Settings: loading reg.cfg OK
01:51:47.934 [I]: Settings: loading main.cfg OK
01:51:47.935 [I]: Settings: loading ui.cfg OK
01:51:47.939 [I]: Settings: loading frc.cfg OK
01:51:47.942 [I]: Settings: loading profiles.cfg OK
01:51:47.945 [I]: Settings: loading custom.cfg OK
01:51:47.948 [I]: Settings: loading lights.cfg OK
01:51:47.949 [I]: Main: using Qt 5.15.0 (x86_64-little_endian-lp64 shared (dynamic) release build; by GCC 10.1.0)
01:51:47.950 [I]: Main: device scale is 1.00132, user defined scale is 1
01:51:47.952 [I]: Main: system locale is [en]
01:51:47.953 [I]: Main: preferred language is [en-us]
01:51:47.961 [I]: Main: setting language file to en.qm...
01:51:47.982 [I]: Main: module 'plugins/libsvpflow1_vs64.so': 4.3.0.156
01:51:47.994 [I]: Main: module 'plugins/libsvpflow2_vs64.so': 4.3.0.168
01:51:48.007 [I]: Main: VLC filter (64 bit): 1.0.0.182
01:51:48.017 [I]: Main: running OpenCL info...
01:51:48.030 [I]: Main: collecting system information...
01:51:48.037 [I]: OS: Linux 5.6.15-arch1-1 #1 SMP PREEMPT Wed, 27 May 2020 23:42:26 +0000 x86_64
01:51:48.077 [I]: Desktop environment:  / 
01:51:48.103 [I]: CPU: Intel Core i5-8265U [base frequency 900 MHz, 8 threads]
01:51:48.103 [I]: Video: reading OpenCL info...
01:51:48.256 [I]: Video: 0 GPU OpenCL device(s) on Clover [OpenCL 1.1 Mesa 20.0.7] (Mesa)
01:51:48.258 [I]: Memory:  7627  MB total,  6625 MB free
01:51:48.259 [I]: System: finding network settings...
01:51:48.334 [I]: Screens: updating information, 1 screen(s) found
01:51:48.334 [I]: Screens: screen 0 (eDP1) - 1920x1080 @60.020 Hz, x1.0 [159 DPI]
01:51:48.334 [I]: Screens: primary screen is 0
01:51:48.452 [I]: Main: preparing video profiles...
01:51:48.564 [I]: Main: preparing performance graphs...
01:51:48.706 [I]: Main: preparing mpv...
01:51:48.751 [I]: Main: preparing remote control...
01:51:48.751 [I]: RemoteControl: started
01:51:48.752 [I]: Main: preparing main menu...
01:51:48.802 [I]: Main: loading extensions...
01:51:48.840 [I]: Extensions: found svpcast 1.1.0.184 ...
01:51:48.844 [I]: Settings: loading cast.cfg OK
01:51:48.864 [I]: Streaming: Web UI listening on http://127.0.0.1:9900
01:51:48.868 [I]: QZeroConf: Avahi daemon is not started
01:51:48.868 [I]: Streaming: Avahi service is not available, AppleTVs are probably not discoverable
01:51:48.904 [I]: Extensions: found svplight 2.0.0.168 ...
01:51:48.907 [I]: Settings: loading leds.cfg OK
01:51:48.956 [I]: Extensions: found svptube 2.1.0.174 ...
01:51:48.959 [I]: Settings: loading tube.cfg OK
01:51:48.981 [I]: Tube: initializing youtube_dl...
01:51:49.098 [I]: Main: initialization completed in 1070 ms
01:51:49.126 [I]: Updates: checking now...
01:51:49.134 [I]: Streaming: Web UI listening on http://192.168.1.45:9900
01:51:49.310 [I]: VideoPlayer: mpv [mpv] connected, waiting for the video info...
01:51:49.790 [I]: VideoPlayer: mpv 0.32.0
01:51:51.354 [I]: Performance: quick estimation = 231 (previous value was 236)
01:51:51.355 [I]: Tube: youtube_dl ready
01:52:30.187 [I]: Main: finished cleaning resources
